1 2
AAU 1.000000e+000 MOD
CX A 1.000000e+003 MM 1.000000e+000 D
CZ A 1.000000e+003 MM 1.000000e+000 D
EOR
FILTER_MODE NO_FILTER
FORM ASPHERIC
ASSESSMENT_LENGTH 5.892373e+000 MM
NUMBER_MOD_POINTS 1.000000e+003
ASPHERIC_COEFF 0.000000e+000 MM -1.000000e+000
ASPHERIC_COEFF 0.000000e+000 MM -2.000000e+000
ASPHERIC_COEFF 0.000000e+000 MM -3.000000e+000
ASPHERIC_COEFF -3.200000e-003 MM -4.000000e+000
ASPHERIC_COEFF 0.000000e+000 MM -5.000000e+000
ASPHERIC_COEFF 8.000000e-004 MM -6.000000e+000
ASPHERIC_COEFF 0.000000e+000 MM -7.000000e+000
ASPHERIC_COEFF -1.000000e-004 MM -8.000000e+000
ASPHERIC_COEFF 0.000000e+000 MM -9.000000e+000
ASPHERIC_COEFF 4.000000e-006 MM -1.000000e+001
ASPHERIC_COEFF 0.000000e+000 MM -1.100000e+001
ASPHERIC_COEFF 0.000000e+000 MM -1.200000e+001
ASPHERIC_COEFF 0.000000e+000 MM -1.300000e+001
ASPHERIC_COEFF 0.000000e+000 MM -1.400000e+001
ASPHERIC_COEFF 0.000000e+000 MM -1.500000e+001
ASPHERIC_COEFF 0.000000e+000 MM -1.600000e+001
ASPHERIC_COEFF 0.000000e+000 MM -1.700000e+001
ASPHERIC_COEFF 0.000000e+000 MM -1.800000e+001
ASPHERIC_COEFF 0.000000e+000 MM -1.900000e+001
ASPHERIC_COEFF 0.000000e+000 MM -2.000000e+001
ASPHERIC_RADIUS 2.253150e+000 MM
ASPHERIC_K -6.144330e-001
EOR
-2.949136e+000
-2.943237e+000
-2.937339e+000
-2.931441e+000
-2.925542e+000
-2.919644e+000
-2.913746e+000
-2.907848e+000
-2.901949e+000
-2.896051e+000
-2.890153e+000
-2.884255e+000
-2.878356e+000
-2.872458e+000
-2.866560e+000
-2.860661e+000
-2.854763e+000
-2.848865e+000
-2.842967e+000
-2.837068e+000
-2.831170e+000
-2.825272e+000
-2.819374e+000
-2.813475e+000
-2.807577e+000
-2.801679e+000
-2.795780e+000
-2.789882e+000
-2.783984e+000
-2.778086e+000
-2.772187e+000
-2.766289e+000
-2.760391e+000
-2.754493e+000
-2.748594e+000
-2.742696e+000
-2.736798e+000
-2.730900e+000
-2.725001e+000
-2.719103e+000
-2.713205e+000
-2.707306e+000
-2.701408e+000
-2.695510e+000
-2.689612e+000
-2.683713e+000
-2.677815e+000
-2.671917e+000
-2.666019e+000
-2.660120e+000
-2.654222e+000
-2.648324e+000
-2.642425e+000
-2.636527e+000
-2.630629e+000
-2.624731e+000
-2.618832e+000
-2.612934e+000
-2.607036e+000
-2.601138e+000
-2.595239e+000
-2.589341e+000
-2.583443e+000
-2.577544e+000
-2.571646e+000
-2.565748e+000
-2.559850e+000
-2.553951e+000
-2.548053e+000
-2.542155e+000
-2.536257e+000
-2.530358e+000
-2.524460e+000
-2.518562e+000
-2.512663e+000
-2.506765e+000
-2.500867e+000
-2.494969e+000
-2.489070e+000
-2.483172e+000
-2.477274e+000
-2.471376e+000
-2.465477e+000
-2.459579e+000
-2.453681e+000
-2.447782e+000
-2.441884e+000
-2.435986e+000
-2.430088e+000
-2.424189e+000
-2.418291e+000
-2.412393e+000
-2.406495e+000
-2.400596e+000
-2.394698e+000
-2.388800e+000
-2.382902e+000
-2.377003e+000
-2.371105e+000
-2.365207e+000
-2.359308e+000
-2.353410e+000
-2.347512e+000
-2.341614e+000
-2.335715e+000
-2.329817e+000
-2.323919e+000
-2.318021e+000
-2.312122e+000
-2.306224e+000
-2.300326e+000
-2.294427e+000
-2.288529e+000
-2.282631e+000
-2.276733e+000
-2.270834e+000
-2.264936e+000
-2.259038e+000
-2.253140e+000
-2.247241e+000
-2.241343e+000
-2.235445e+000
-2.229546e+000
-2.223648e+000
-2.217750e+000
-2.211852e+000
-2.205953e+000
-2.200055e+000
-2.194157e+000
-2.188259e+000
-2.182360e+000
-2.176462e+000
-2.170564e+000
-2.164665e+000
-2.158767e+000
-2.152869e+000
-2.146971e+000
-2.141072e+000
-2.135174e+000
-2.129276e+000
-2.123378e+000
-2.117479e+000
-2.111581e+000
-2.105683e+000
-2.099785e+000
-2.093886e+000
-2.087988e+000
-2.082090e+000
-2.076191e+000
-2.070293e+000
-2.064395e+000
-2.058497e+000
-2.052598e+000
-2.046700e+000
-2.040802e+000
-2.034904e+000
-2.029005e+000
-2.023107e+000
-2.017209e+000
-2.011310e+000
-2.005412e+000
-1.999514e+000
-1.993616e+000
-1.987717e+000
-1.981819e+000
-1.975921e+000
-1.970023e+000
-1.964124e+000
-1.958226e+000
-1.952328e+000
-1.946429e+000
-1.940531e+000
-1.934633e+000
-1.928735e+000
-1.922836e+000
-1.916938e+000
-1.911040e+000
-1.905142e+000
-1.899243e+000
-1.893345e+000
-1.887447e+000
-1.881548e+000
-1.875650e+000
-1.869752e+000
-1.863854e+000
-1.857955e+000
-1.852057e+000
-1.846159e+000
-1.840261e+000
-1.834362e+000
-1.828464e+000
-1.822566e+000
-1.816667e+000
-1.810769e+000
-1.804871e+000
-1.798973e+000
-1.793074e+000
-1.787176e+000
-1.781278e+000
-1.775380e+000
-1.769481e+000
-1.763583e+000
-1.757685e+000
-1.751787e+000
-1.745888e+000
-1.739990e+000
-1.734092e+000
-1.728193e+000
-1.722295e+000
-1.716397e+000
-1.710499e+000
-1.704600e+000
-1.698702e+000
-1.692804e+000
-1.686906e+000
-1.681007e+000
-1.675109e+000
-1.669211e+000
-1.663312e+000
-1.657414e+000
-1.651516e+000
-1.645618e+000
-1.639719e+000
-1.633821e+000
-1.627923e+000
-1.622025e+000
-1.616126e+000
-1.610228e+000
-1.604330e+000
-1.598431e+000
-1.592533e+000
-1.586635e+000
-1.580737e+000
-1.574838e+000
-1.568940e+000
-1.563042e+000
-1.557144e+000
-1.551245e+000
-1.545347e+000
-1.539449e+000
-1.533550e+000
-1.527652e+000
-1.521754e+000
-1.515856e+000
-1.509957e+000
-1.504059e+000
-1.498161e+000
-1.492263e+000
-1.486364e+000
-1.480466e+000
-1.474568e+000
-1.468669e+000
-1.462771e+000
-1.456873e+000
-1.450975e+000
-1.445076e+000
-1.439178e+000
-1.433280e+000
-1.427382e+000
-1.421483e+000
-1.415585e+000
-1.409687e+000
-1.403789e+000
-1.397890e+000
-1.391992e+000
-1.386094e+000
-1.380195e+000
-1.374297e+000
-1.368399e+000
-1.362501e+000
-1.356602e+000
-1.350704e+000
-1.344806e+000
-1.338908e+000
-1.333009e+000
-1.327111e+000
-1.321213e+000
-1.315314e+000
-1.309416e+000
-1.303518e+000
-1.297620e+000
-1.291721e+000
-1.285823e+000
-1.279925e+000
-1.274027e+000
-1.268128e+000
-1.262230e+000
-1.256332e+000
-1.250433e+000
-1.244535e+000
-1.238637e+000
-1.232739e+000
-1.226840e+000
-1.220942e+000
-1.215044e+000
-1.209146e+000
-1.203247e+000
-1.197349e+000
-1.191451e+000
-1.185552e+000
-1.179654e+000
-1.173756e+000
-1.167858e+000
-1.161959e+000
-1.156061e+000
-1.150163e+000
-1.144265e+000
-1.138366e+000
-1.132468e+000
-1.126570e+000
-1.120672e+000
-1.114773e+000
-1.108875e+000
-1.102977e+000
-1.097078e+000
-1.091180e+000
-1.085282e+000
-1.079384e+000
-1.073485e+000
-1.067587e+000
-1.061689e+000
-1.055791e+000
-1.049892e+000
-1.043994e+000
-1.038096e+000
-1.032197e+000
-1.026299e+000
-1.020401e+000
-1.014503e+000
-1.008604e+000
-1.002706e+000
-9.968078e-001
-9.909095e-001
-9.850113e-001
-9.791130e-001
-9.732147e-001
-9.673165e-001
-9.614182e-001
-9.555199e-001
-9.496216e-001
-9.437234e-001
-9.378251e-001
-9.319268e-001
-9.260286e-001
-9.201303e-001
-9.142320e-001
-9.083337e-001
-9.024355e-001
-8.965372e-001
-8.906389e-001
-8.847407e-001
-8.788424e-001
-8.729441e-001
-8.670458e-001
-8.611476e-001
-8.552493e-001
-8.493510e-001
-8.434528e-001
-8.375545e-001
-8.316562e-001
-8.257580e-001
-8.198597e-001
-8.139614e-001
-8.080631e-001
-8.021649e-001
-7.962666e-001
-7.903683e-001
-7.844701e-001
-7.785718e-001
-7.726735e-001
-7.667752e-001
-7.608770e-001
-7.549787e-001
-7.490804e-001
-7.431822e-001
-7.372839e-001
-7.313856e-001
-7.254873e-001
-7.195891e-001
-7.136908e-001
-7.077925e-001
-7.018943e-001
-6.959960e-001
-6.900977e-001
-6.841994e-001
-6.783012e-001
-6.724029e-001
-6.665046e-001
-6.606064e-001
-6.547081e-001
-6.488098e-001
-6.429115e-001
-6.370133e-001
-6.311150e-001
-6.252167e-001
-6.193185e-001
-6.134202e-001
-6.075219e-001
-6.016237e-001
-5.957254e-001
-5.898271e-001
-5.839288e-001
-5.780306e-001
-5.721323e-001
-5.662340e-001
-5.603358e-001
-5.544375e-001
-5.485392e-001
-5.426409e-001
-5.367427e-001
-5.308444e-001
-5.249461e-001
-5.190479e-001
-5.131496e-001
-5.072513e-001
-5.013530e-001
-4.954548e-001
-4.895565e-001
-4.836582e-001
-4.777600e-001
-4.718617e-001
-4.659634e-001
-4.600651e-001
-4.541669e-001
-4.482686e-001
-4.423703e-001
-4.364721e-001
-4.305738e-001
-4.246755e-001
-4.187772e-001
-4.128790e-001
-4.069807e-001
-4.010824e-001
-3.951842e-001
-3.892859e-001
-3.833876e-001
-3.774893e-001
-3.715911e-001
-3.656928e-001
-3.597945e-001
-3.538963e-001
-3.479980e-001
-3.420997e-001
-3.362015e-001
-3.303032e-001
-3.244049e-001
-3.185066e-001
-3.126084e-001
-3.067101e-001
-3.008118e-001
-2.949136e-001
-2.890153e-001
-2.831170e-001
-2.772187e-001
-2.713205e-001
-2.654222e-001
-2.595239e-001
-2.536257e-001
-2.477274e-001
-2.418291e-001
-2.359308e-001
-2.300326e-001
-2.241343e-001
-2.182360e-001
-2.123378e-001
-2.064395e-001
-2.005412e-001
-1.946429e-001
-1.887447e-001
-1.828464e-001
-1.769481e-001
-1.710499e-001
-1.651516e-001
-1.592533e-001
-1.533550e-001
-1.474568e-001
-1.415585e-001
-1.356602e-001
-1.297620e-001
-1.238637e-001
-1.179654e-001
-1.120672e-001
-1.061689e-001
-1.002706e-001
-9.437234e-002
-8.847407e-002
-8.257580e-002
-7.667752e-002
-7.077925e-002
-6.488098e-002
-5.898271e-002
-5.308444e-002
-4.718617e-002
-4.128790e-002
-3.538963e-002
-2.949136e-002
-2.359308e-002
-1.769481e-002
-1.179654e-002
-5.898271e-003
4.440892e-016
5.898271e-003
1.179654e-002
1.769481e-002
2.359308e-002
2.949136e-002
3.538963e-002
4.128790e-002
4.718617e-002
5.308444e-002
5.898271e-002
6.488098e-002
7.077925e-002
7.667752e-002
8.257580e-002
8.847407e-002
9.437234e-002
1.002706e-001
1.061689e-001
1.120672e-001
1.179654e-001
1.238637e-001
1.297620e-001
1.356602e-001
1.415585e-001
1.474568e-001
1.533550e-001
1.592533e-001
1.651516e-001
1.710499e-001
1.769481e-001
1.828464e-001
1.887447e-001
1.946429e-001
2.005412e-001
2.064395e-001
2.123378e-001
2.182360e-001
2.241343e-001
2.300326e-001
2.359308e-001
2.418291e-001
2.477274e-001
2.536257e-001
2.595239e-001
2.654222e-001
2.713205e-001
2.772187e-001
2.831170e-001
2.890153e-001
2.949136e-001
3.008118e-001
3.067101e-001
3.126084e-001
3.185066e-001
3.244049e-001
3.303032e-001
3.362015e-001
3.420997e-001
3.479980e-001
3.538963e-001
3.597945e-001
3.656928e-001
3.715911e-001
3.774893e-001
3.833876e-001
3.892859e-001
3.951842e-001
4.010824e-001
4.069807e-001
4.128790e-001
4.187772e-001
4.246755e-001
4.305738e-001
4.364721e-001
4.423703e-001
4.482686e-001
4.541669e-001
4.600651e-001
4.659634e-001
4.718617e-001
4.777600e-001
4.836582e-001
4.895565e-001
4.954548e-001
5.013530e-001
5.072513e-001
5.131496e-001
5.190479e-001
5.249461e-001
5.308444e-001
5.367427e-001
5.426409e-001
5.485392e-001
5.544375e-001
5.603358e-001
5.662340e-001
5.721323e-001
5.780306e-001
5.839288e-001
5.898271e-001
5.957254e-001
6.016237e-001
6.075219e-001
6.134202e-001
6.193185e-001
6.252167e-001
6.311150e-001
6.370133e-001
6.429115e-001
6.488098e-001
6.547081e-001
6.606064e-001
6.665046e-001
6.724029e-001
6.783012e-001
6.841994e-001
6.900977e-001
6.959960e-001
7.018943e-001
7.077925e-001
7.136908e-001
7.195891e-001
7.254873e-001
7.313856e-001
7.372839e-001
7.431822e-001
7.490804e-001
7.549787e-001
7.608770e-001
7.667752e-001
7.726735e-001
7.785718e-001
7.844701e-001
7.903683e-001
7.962666e-001
8.021649e-001
8.080631e-001
8.139614e-001
8.198597e-001
8.257580e-001
8.316562e-001
8.375545e-001
8.434528e-001
8.493510e-001
8.552493e-001
8.611476e-001
8.670458e-001
8.729441e-001
8.788424e-001
8.847407e-001
8.906389e-001
8.965372e-001
9.024355e-001
9.083337e-001
9.142320e-001
9.201303e-001
9.260286e-001
9.319268e-001
9.378251e-001
9.437234e-001
9.496216e-001
9.555199e-001
9.614182e-001
9.673165e-001
9.732147e-001
9.791130e-001
9.850113e-001
9.909095e-001
9.968078e-001
1.002706e+000
1.008604e+000
1.014503e+000
1.020401e+000
1.026299e+000
1.032197e+000
1.038096e+000
1.043994e+000
1.049892e+000
1.055791e+000
1.061689e+000
1.067587e+000
1.073485e+000
1.079384e+000
1.085282e+000
1.091180e+000
1.097078e+000
1.102977e+000
1.108875e+000
1.114773e+000
1.120672e+000
1.126570e+000
1.132468e+000
1.138366e+000
1.144265e+000
1.150163e+000
1.156061e+000
1.161959e+000
1.167858e+000
1.173756e+000
1.179654e+000
1.185552e+000
1.191451e+000
1.197349e+000
1.203247e+000
1.209146e+000
1.215044e+000
1.220942e+000
1.226840e+000
1.232739e+000
1.238637e+000
1.244535e+000
1.250433e+000
1.256332e+000
1.262230e+000
1.268128e+000
1.274027e+000
1.279925e+000
1.285823e+000
1.291721e+000
1.297620e+000
1.303518e+000
1.309416e+000
1.315314e+000
1.321213e+000
1.327111e+000
1.333009e+000
1.338908e+000
1.344806e+000
1.350704e+000
1.356602e+000
1.362501e+000
1.368399e+000
1.374297e+000
1.380195e+000
1.386094e+000
1.391992e+000
1.397890e+000
1.403789e+000
1.409687e+000
1.415585e+000
1.421483e+000
1.427382e+000
1.433280e+000
1.439178e+000
1.445076e+000
1.450975e+000
1.456873e+000
1.462771e+000
1.468669e+000
1.474568e+000
1.480466e+000
1.486364e+000
1.492263e+000
1.498161e+000
1.504059e+000
1.509957e+000
1.515856e+000
1.521754e+000
1.527652e+000
1.533550e+000
1.539449e+000
1.545347e+000
1.551245e+000
1.557144e+000
1.563042e+000
1.568940e+000
1.574838e+000
1.580737e+000
1.586635e+000
1.592533e+000
1.598431e+000
1.604330e+000
1.610228e+000
1.616126e+000
1.622025e+000
1.627923e+000
1.633821e+000
1.639719e+000
1.645618e+000
1.651516e+000
1.657414e+000
1.663312e+000
1.669211e+000
1.675109e+000
1.681007e+000
1.686906e+000
1.692804e+000
1.698702e+000
1.704600e+000
1.710499e+000
1.716397e+000
1.722295e+000
1.728193e+000
1.734092e+000
1.739990e+000
1.745888e+000
1.751787e+000
1.757685e+000
1.763583e+000
1.769481e+000
1.775380e+000
1.781278e+000
1.787176e+000
1.793074e+000
1.798973e+000
1.804871e+000
1.810769e+000
1.816667e+000
1.822566e+000
1.828464e+000
1.834362e+000
1.840261e+000
1.846159e+000
1.852057e+000
1.857955e+000
1.863854e+000
1.869752e+000
1.875650e+000
1.881548e+000
1.887447e+000
1.893345e+000
1.899243e+000
1.905142e+000
1.911040e+000
1.916938e+000
1.922836e+000
1.928735e+000
1.934633e+000
1.940531e+000
1.946429e+000
1.952328e+000
1.958226e+000
1.964124e+000
1.970023e+000
1.975921e+000
1.981819e+000
1.987717e+000
1.993616e+000
1.999514e+000
2.005412e+000
2.011310e+000
2.017209e+000
2.023107e+000
2.029005e+000
2.034904e+000
2.040802e+000
2.046700e+000
2.052598e+000
2.058497e+000
2.064395e+000
2.070293e+000
2.076191e+000
2.082090e+000
2.087988e+000
2.093886e+000
2.099785e+000
2.105683e+000
2.111581e+000
2.117479e+000
2.123378e+000
2.129276e+000
2.135174e+000
2.141072e+000
2.146971e+000
2.152869e+000
2.158767e+000
2.164665e+000
2.170564e+000
2.176462e+000
2.182360e+000
2.188259e+000
2.194157e+000
2.200055e+000
2.205953e+000
2.211852e+000
2.217750e+000
2.223648e+000
2.229546e+000
2.235445e+000
2.241343e+000
2.247241e+000
2.253140e+000
2.259038e+000
2.264936e+000
2.270834e+000
2.276733e+000
2.282631e+000
2.288529e+000
2.294427e+000
2.300326e+000
2.306224e+000
2.312122e+000
2.318021e+000
2.323919e+000
2.329817e+000
2.335715e+000
2.341614e+000
2.347512e+000
2.353410e+000
2.359308e+000
2.365207e+000
2.371105e+000
2.377003e+000
2.382902e+000
2.388800e+000
2.394698e+000
2.400596e+000
2.406495e+000
2.412393e+000
2.418291e+000
2.424189e+000
2.430088e+000
2.435986e+000
2.441884e+000
2.447782e+000
2.453681e+000
2.459579e+000
2.465477e+000
2.471376e+000
2.477274e+000
2.483172e+000
2.489070e+000
2.494969e+000
2.500867e+000
2.506765e+000
2.512663e+000
2.518562e+000
2.524460e+000
2.530358e+000
2.536257e+000
2.542155e+000
2.548053e+000
2.553951e+000
2.559850e+000
2.565748e+000
2.571646e+000
2.577544e+000
2.583443e+000
2.589341e+000
2.595239e+000
2.601138e+000
2.607036e+000
2.612934e+000
2.618832e+000
2.624731e+000
2.630629e+000
2.636527e+000
2.642425e+000
2.648324e+000
2.654222e+000
2.660120e+000
2.666019e+000
2.671917e+000
2.677815e+000
2.683713e+000
2.689612e+000
2.695510e+000
2.701408e+000
2.707306e+000
2.713205e+000
2.719103e+000
2.725001e+000
2.730900e+000
2.736798e+000
2.742696e+000
2.748594e+000
2.754493e+000
2.760391e+000
2.766289e+000
2.772187e+000
2.778086e+000
2.783984e+000
2.789882e+000
2.795780e+000
2.801679e+000
2.807577e+000
2.813475e+000
2.819374e+000
2.825272e+000
2.831170e+000
2.837068e+000
2.842967e+000
2.848865e+000
2.854763e+000
2.860661e+000
2.866560e+000
2.872458e+000
2.878356e+000
2.884255e+000
2.890153e+000
2.896051e+000
2.901949e+000
2.907848e+000
2.913746e+000
2.919644e+000
2.925542e+000
2.931441e+000
2.937339e+000
2.943237e+000
1.737881e-003
1.741353e-003
1.761542e-003
1.769047e-003
1.767433e-003
1.752929e-003
1.750322e-003
1.756802e-003
1.766379e-003
1.755441e-003
1.728841e-003
1.740468e-003
1.743643e-003
1.757960e-003
1.749889e-003
1.741104e-003
1.725631e-003
1.724051e-003
1.747238e-003
1.756429e-003
1.741725e-003
1.717582e-003
1.707812e-003
1.720462e-003
1.749843e-003
1.757403e-003
1.727147e-003
1.714509e-003
1.705712e-003
1.716825e-003
1.732314e-003
1.732884e-003
1.721235e-003
1.694538e-003
1.692102e-003
1.710207e-003
1.732936e-003
1.721500e-003
1.696863e-003
1.663420e-003
1.663433e-003
1.689200e-003
1.702397e-003
1.694985e-003
1.670450e-003
1.639664e-003
1.641395e-003
1.658546e-003
1.673207e-003
1.665264e-003
1.637496e-003
1.623779e-003
1.616703e-003
1.629095e-003
1.627729e-003
1.622837e-003
1.619233e-003
1.612414e-003
1.601419e-003
1.578641e-003
1.574241e-003
1.577956e-003
1.595006e-003
1.601600e-003
1.577372e-003
1.555814e-003
1.547544e-003
1.540786e-003
1.546668e-003
1.562741e-003
1.552442e-003
1.533758e-003
1.524841e-003
1.517677e-003
1.508873e-003
1.493108e-003
1.492658e-003
1.495632e-003
1.501392e-003
1.493758e-003
1.472008e-003
1.468332e-003
1.457629e-003
1.453079e-003
1.452587e-003
1.466642e-003
1.461336e-003
1.452982e-003
1.452007e-003
1.419738e-003
1.397635e-003
1.387262e-003
1.400946e-003
1.400823e-003
1.382445e-003
1.372521e-003
1.371485e-003
1.365332e-003
1.372663e-003
1.349828e-003
1.317561e-003
1.290339e-003
1.308622e-003
1.318162e-003
1.316773e-003
1.290088e-003
1.276057e-003
1.281366e-003
1.274010e-003
1.260827e-003
1.232131e-003
1.217308e-003
1.211151e-003
1.208109e-003
1.208540e-003
1.197596e-003
1.164773e-003
1.183843e-003
1.190684e-003
1.184597e-003
1.172626e-003
1.140317e-003
1.133844e-003
1.131829e-003
1.143517e-003
1.113233e-003
1.079516e-003
1.066094e-003
1.086145e-003
1.092011e-003
1.060950e-003
1.032840e-003
1.025038e-003
1.048388e-003
1.060586e-003
1.033922e-003
9.938032e-004
9.953244e-004
1.024028e-003
1.020823e-003
9.820610e-004
9.483375e-004
9.578037e-004
9.698530e-004
9.697324e-004
9.320187e-004
9.103003e-004
9.134486e-004
9.231978e-004
8.921243e-004
8.751034e-004
8.635880e-004
8.660107e-004
8.572618e-004
8.345943e-004
8.245714e-004
8.248930e-004
8.187698e-004
7.978833e-004
7.834617e-004
7.832703e-004
7.757644e-004
7.688158e-004
7.482416e-004
7.355680e-004
7.408655e-004
7.275473e-004
7.127039e-004
6.877273e-004
6.831174e-004
6.783864e-004
6.721398e-004
6.539282e-004
6.468528e-004
6.398555e-004
6.376523e-004
6.118125e-004
5.970968e-004
5.946913e-004
5.950540e-004
5.799495e-004
5.473416e-004
5.341047e-004
5.407299e-004
5.454885e-004
5.194815e-004
5.003215e-004
4.997826e-004
4.977809e-004
4.829446e-004
4.641350e-004
4.588682e-004
4.521770e-004
4.426854e-004
4.196200e-004
4.180996e-004
4.169318e-004
3.927740e-004
3.664875e-004
3.684836e-004
3.640735e-004
3.594167e-004
3.292142e-004
3.247595e-004
3.200298e-004
3.156164e-004
2.930511e-004
2.717791e-004
2.621661e-004
2.723168e-004
2.493544e-004
2.293684e-004
2.323223e-004
2.258372e-004
2.023907e-004
1.811430e-004
1.678422e-004
1.760040e-004
1.520778e-004
1.272030e-004
1.111404e-004
1.199362e-004
1.113848e-004
8.659150e-005
7.379892e-005
6.690702e-005
7.003245e-005
5.754166e-005
2.216865e-005
9.580982e-006
1.474645e-005
1.363154e-005
-9.867489e-006
-2.439672e-005
-2.566991e-005
-3.606211e-005
-4.475261e-005
-6.022060e-005
-7.233590e-005
-8.558756e-005
-1.019652e-004
-1.113468e-004
-1.122933e-004
-1.117980e-004
-1.376680e-004
-1.573497e-004
-1.564688e-004
-1.634750e-004
-1.820860e-004
-1.933533e-004
-1.999679e-004
-2.035322e-004
-2.161647e-004
-2.225200e-004
-2.342804e-004
-2.464183e-004
-2.498899e-004
-2.582700e-004
-2.743077e-004
-2.802725e-004
-2.896565e-004
-2.915115e-004
-3.114917e-004
-3.225661e-004
-3.213818e-004
-3.329843e-004
-3.438484e-004
-3.557439e-004
-3.601118e-004
-3.710293e-004
-3.804044e-004
-3.966997e-004
-4.008229e-004
-4.062184e-004
-4.161135e-004
-4.288976e-004
-4.514594e-004
-4.604666e-004
-4.559167e-004
-4.622416e-004
-4.822317e-004
-4.993772e-004
-5.027806e-004
-5.036817e-004
-5.153132e-004
-5.363733e-004
-5.469594e-004
-5.456363e-004
-5.526882e-004
-5.673684e-004
-5.762174e-004
-5.830966e-004
-5.924990e-004
-6.048016e-004
-6.122497e-004
-6.161861e-004
-6.212767e-004
-6.405728e-004
-6.476211e-004
-6.499595e-004
-6.577013e-004
-6.753929e-004
-6.813191e-004
-6.728180e-004
-6.846066e-004
-7.039512e-004
-7.006649e-004
-6.962267e-004
-7.185580e-004
-7.421998e-004
-7.366507e-004
-7.205964e-004
-7.463254e-004
-7.764113e-004
-7.546967e-004
-7.459290e-004
-7.766292e-004
-7.975729e-004
-7.771430e-004
-7.807583e-004
-8.030606e-004
-8.136244e-004
-8.000260e-004
-8.172786e-004
-8.370738e-004
-8.282624e-004
-8.238346e-004
-8.477311e-004
-8.601888e-004
-8.476756e-004
-8.542016e-004
-8.772845e-004
-8.819316e-004
-8.784226e-004
-8.866831e-004
-9.035146e-004
-9.005149e-004
-9.033748e-004
-9.129610e-004
-9.224099e-004
-9.181560e-004
-9.290168e-004
-9.473382e-004
-9.406247e-004
-9.366195e-004
-9.611706e-004
-9.711725e-004
-9.630791e-004
-9.683351e-004
-9.914599e-004
-9.913540e-004
-9.815200e-004
-9.995339e-004
-1.013009e-003
-1.011668e-003
-1.009207e-003
-1.022813e-003
-1.034898e-003
-1.028308e-003
-1.029966e-003
-1.043233e-003
-1.050612e-003
-1.052761e-003
-1.051838e-003
-1.062656e-003
-1.070194e-003
-1.071445e-003
-1.071416e-003
-1.079962e-003
-1.085084e-003
-1.090608e-003
-1.090366e-003
-1.094105e-003
-1.101266e-003
-1.106165e-003
-1.112442e-003
-1.109828e-003
-1.116222e-003
-1.126534e-003
-1.129671e-003
-1.123119e-003
-1.129031e-003
-1.140293e-003
-1.146047e-003
-1.138551e-003
-1.144807e-003
-1.158825e-003
-1.163276e-003
-1.154894e-003
-1.168120e-003
-1.179855e-003
-1.173599e-003
-1.175452e-003
-1.187971e-003
-1.189961e-003
-1.189579e-003
-1.196668e-003
-1.202542e-003
-1.205550e-003
-1.210902e-003
-1.214419e-003
-1.217329e-003
-1.222036e-003
-1.228257e-003
-1.231959e-003
-1.239350e-003
-1.242090e-003
-1.244701e-003
-1.251308e-003
-1.255404e-003
-1.256477e-003
-1.259763e-003
-1.267231e-003
-1.268966e-003
-1.270108e-003
-1.273313e-003
-1.282817e-003
-1.279893e-003
-1.281030e-003
-1.288693e-003
-1.294926e-003
-1.296516e-003
-1.294599e-003
-1.301880e-003
-1.309897e-003
-1.308459e-003
-1.308213e-003
-1.316631e-003
-1.316007e-003
-1.317717e-003
-1.325333e-003
-1.328112e-003
-1.330121e-003
-1.330629e-003
-1.337826e-003
-1.340276e-003
-1.341538e-003
-1.344251e-003
-1.345490e-003
-1.350222e-003
-1.354746e-003
-1.357902e-003
-1.355185e-003
-1.362050e-003
-1.368219e-003
-1.367065e-003
-1.357401e-003
-1.369342e-003
-1.387029e-003
-1.374428e-003
-1.363796e-003
-1.386616e-003
-1.391339e-003
-1.371164e-003
-1.385195e-003
-1.402981e-003
-1.385337e-003
-1.378149e-003
-1.406772e-003
-1.403721e-003
-1.379564e-003
-1.403982e-003
-1.416660e-003
-1.384638e-003
-1.388280e-003
-1.426778e-003
-1.402460e-003
-1.381940e-003
-1.420976e-003
-1.426141e-003
-1.388484e-003
-1.408064e-003
-1.431360e-003
-1.404491e-003
-1.397902e-003
-1.427237e-003
-1.425342e-003
-1.401647e-003
-1.415269e-003
-1.431306e-003
-1.409331e-003
-1.406992e-003
-1.426946e-003
-1.424453e-003
-1.400991e-003
-1.418236e-003
-1.430913e-003
-1.408372e-003
-1.411254e-003
-1.432094e-003
-1.418741e-003
-1.404649e-003
-1.426985e-003
-1.420522e-003
-1.406891e-003
-1.416617e-003
-1.420772e-003
-1.410359e-003
-1.414938e-003
-1.416259e-003
-1.413372e-003
-1.419816e-003
-1.417094e-003
-1.408636e-003
-1.419597e-003
-1.422104e-003
-1.410365e-003
-1.415049e-003
-1.420695e-003
-1.408387e-003
-1.411089e-003
-1.413427e-003
-1.409692e-003
-1.413807e-003
-1.408857e-003
-1.410742e-003
-1.411034e-003
-1.408025e-003
-1.413676e-003
-1.416416e-003
-1.403890e-003
-1.407217e-003
-1.411006e-003
-1.407149e-003
-1.408820e-003
-1.406457e-003
-1.399416e-003
-1.405760e-003
-1.399267e-003
-1.394430e-003
-1.401215e-003
-1.396591e-003
-1.385460e-003
-1.396634e-003
-1.389701e-003
-1.376159e-003
-1.393076e-003
-1.384530e-003
-1.376601e-003
-1.385731e-003
-1.376483e-003
-1.366918e-003
-1.377368e-003
-1.366526e-003
-1.359221e-003
-1.367597e-003
-1.359888e-003
-1.354403e-003
-1.355527e-003
-1.350953e-003
-1.347609e-003
-1.348395e-003
-1.345774e-003
-1.337696e-003
-1.336836e-003
-1.339026e-003
-1.334467e-003
-1.330806e-003
-1.335389e-003
-1.323807e-003
-1.321517e-003
-1.329179e-003
-1.316156e-003
-1.321397e-003
-1.316813e-003
-1.306360e-003
-1.315878e-003
-1.312608e-003
-1.295257e-003
-1.308524e-003
-1.307976e-003
-1.285292e-003
-1.299460e-003
-1.299303e-003
-1.276674e-003
-1.292206e-003
-1.288092e-003
-1.273476e-003
-1.283872e-003
-1.282369e-003
-1.272932e-003
-1.277928e-003
-1.269924e-003
-1.266988e-003
-1.270592e-003
-1.256934e-003
-1.256734e-003
-1.259139e-003
-1.248382e-003
-1.245306e-003
-1.246790e-003
-1.235952e-003
-1.237908e-003
-1.228659e-003
-1.223372e-003
-1.226045e-003
-1.213021e-003
-1.208188e-003
-1.214142e-003
-1.202561e-003
-1.197841e-003
-1.200561e-003
-1.185304e-003
-1.183007e-003
-1.183977e-003
-1.171538e-003
-1.169146e-003
-1.166934e-003
-1.156787e-003
-1.158286e-003
-1.150485e-003
-1.139234e-003
-1.140255e-003
-1.135841e-003
-1.115905e-003
-1.114180e-003
-1.128666e-003
-1.117512e-003
-1.103210e-003
-1.118532e-003
-1.105273e-003
-1.086708e-003
-1.103669e-003
-1.100655e-003
-1.080038e-003
-1.094066e-003
-1.087703e-003
-1.069863e-003
-1.080031e-003
-1.070254e-003
-1.054105e-003
-1.066735e-003
-1.055640e-003
-1.040735e-003
-1.052969e-003
-1.033283e-003
-1.021435e-003
-1.033557e-003
-1.022070e-003
-1.014662e-003
-1.012491e-003
-1.003540e-003
-1.000678e-003
-9.961926e-004
-9.889790e-004
-9.851388e-004
-9.738481e-004
-9.693446e-004
-9.714014e-004
-9.500508e-004
-9.523704e-004
-9.527362e-004
-9.233312e-004
-9.343755e-004
-9.396460e-004
-8.987122e-004
-9.132982e-004
-9.179153e-004
-8.776710e-004
-8.983459e-004
-8.947370e-004
-8.653634e-004
-8.798795e-004
-8.774853e-004
-8.451189e-004
-8.612398e-004
-8.609236e-004
-8.299430e-004
-8.389496e-004
-8.350254e-004
-8.081222e-004
-8.162378e-004
-8.162273e-004
-7.848259e-004
-7.962706e-004
-7.982600e-004
-7.607322e-004
-7.776309e-004
-7.785106e-004
-7.435927e-004
-7.625654e-004
-7.503023e-004
-7.279896e-004
-7.436823e-004
-7.213881e-004
-7.102700e-004
-7.227617e-004
-6.939425e-004
-6.911184e-004
-7.030045e-004
-6.673105e-004
-6.734807e-004
-6.817515e-004
-6.437726e-004
-6.597635e-004
-6.515564e-004
-6.247540e-004
-6.455571e-004
-6.260415e-004
-6.184959e-004
-6.252722e-004
-6.053263e-004
-6.014738e-004
-5.926929e-004
-5.893035e-004
-5.779683e-004
-5.707864e-004
-5.686284e-004
-5.476699e-004
-5.549382e-004
-5.355528e-004
-5.222784e-004
-5.354526e-004
-5.098167e-004
-4.973659e-004
-5.164973e-004
-4.757447e-004
-4.817670e-004
-4.828171e-004
-4.475714e-004
-4.632185e-004
-4.450943e-004
-4.328131e-004
-4.292781e-004
-4.144657e-004
-4.131683e-004
-3.919338e-004
-3.841691e-004
-3.847958e-004
-3.530167e-004
-3.574339e-004
-3.458425e-004
-3.286397e-004
-3.342233e-004
-3.162136e-004
-3.078164e-004
-3.100209e-004
-2.896567e-004
-2.815076e-004
-2.850527e-004
-2.649913e-004
-2.631782e-004
-2.575176e-004
-2.405499e-004
-2.434498e-004
-2.289024e-004
-2.134742e-004
-2.144781e-004
-2.005283e-004
-1.904014e-004
-1.915629e-004
-1.693039e-004
-1.723970e-004
-1.572309e-004
-1.405020e-004
-1.496954e-004
-1.127191e-004
-1.187305e-004
-1.069965e-004
-8.756459e-005
-8.669138e-005
-5.861834e-005
-6.716413e-005
-5.080303e-005
-3.091030e-005
-3.345112e-005
-7.409904e-006
-7.045183e-006
2.361758e-006
2.133719e-005
1.635921e-005
4.104550e-005
4.578970e-005
5.411995e-005
7.134865e-005
7.545570e-005
9.411451e-005
9.994703e-005
1.131069e-004
1.286757e-004
1.390214e-004
1.529665e-004
1.655885e-004
1.780514e-004
1.872759e-004
2.037563e-004
2.090053e-004
2.236565e-004
2.329037e-004
2.405700e-004
2.506774e-004
2.625802e-004
2.731944e-004
2.779534e-004
2.938771e-004
3.014801e-004
3.115303e-004
3.107740e-004
3.235582e-004
3.369693e-004
3.407705e-004
3.478190e-004
3.494589e-004
3.716630e-004
3.753280e-004
3.875407e-004
3.950392e-004
3.991850e-004
4.091766e-004
4.309674e-004
4.412651e-004
4.462406e-004
4.535858e-004
4.673927e-004
4.609086e-004
4.764556e-004
4.994320e-004
5.011918e-004
5.152362e-004
5.212216e-004
5.347427e-004
5.409156e-004
5.480091e-004
5.614389e-004
5.608631e-004
5.819573e-004
5.923889e-004
5.992006e-004
6.099427e-004
6.156675e-004
6.264384e-004
6.403537e-004
6.475187e-004
6.638097e-004
6.748419e-004
6.821893e-004
6.989030e-004
7.071695e-004
7.159013e-004
7.240871e-004
7.352613e-004
7.444408e-004
7.523435e-004
7.591535e-004
7.646114e-004
7.762074e-004
7.901583e-004
7.913830e-004
8.095540e-004
8.179264e-004
8.295535e-004
8.457792e-004
8.556774e-004
8.642098e-004
8.756532e-004
8.871981e-004
9.036313e-004
9.064651e-004
9.141124e-004
9.199503e-004
9.311378e-004
9.521589e-004
9.579677e-004
9.627139e-004
9.713831e-004
9.775304e-004
9.840591e-004
1.001356e-003
1.012233e-003
1.017898e-003
1.028216e-003
1.049034e-003
1.055754e-003
1.056944e-003
1.060857e-003
1.089065e-003
1.096253e-003
1.098587e-003
1.117305e-003
1.123404e-003
1.123552e-003
1.133669e-003
1.152577e-003
1.157267e-003
1.170783e-003
1.192829e-003
1.185018e-003
1.183144e-003
1.202750e-003
1.212620e-003
1.222796e-003
1.223144e-003
1.231799e-003
1.246282e-003
1.255444e-003
1.276097e-003
1.267228e-003
1.272241e-003
1.291762e-003
1.306577e-003
1.305614e-003
1.306887e-003
1.340189e-003
1.341067e-003
1.341376e-003
1.352466e-003
1.363988e-003
1.370281e-003
1.374994e-003
1.386454e-003
1.390420e-003
1.406237e-003
1.400261e-003
1.413946e-003
1.423548e-003
1.433621e-003
1.432441e-003
1.444057e-003
1.461644e-003
1.444593e-003
1.455758e-003
1.472980e-003
1.466384e-003
1.477163e-003
1.487268e-003
1.481746e-003
1.489522e-003
1.506503e-003
1.511879e-003
1.510754e-003
1.522780e-003
1.531843e-003
1.544708e-003
1.554266e-003
1.548836e-003
1.560890e-003
1.577889e-003
1.566587e-003
1.585525e-003
1.595439e-003
1.597779e-003
1.609987e-003
1.610092e-003
1.620425e-003
1.636785e-003
1.625565e-003
1.643785e-003
1.647105e-003
1.657217e-003
1.678968e-003
1.665218e-003
1.677724e-003
1.676973e-003
1.681194e-003
1.684614e-003
1.687052e-003
1.699855e-003
1.693329e-003
1.700874e-003
1.703718e-003
1.706167e-003
1.716525e-003
1.712842e-003
1.723910e-003
1.717875e-003
1.733464e-003
1.726923e-003
1.736047e-003
1.733417e-003
1.732528e-003
1.739813e-003
1.736822e-003
1.745296e-003
1.744616e-003
1.761148e-003
1.748784e-003
1.758114e-003
1.750117e-003
1.775243e-003
1.762558e-003
1.764517e-003
1.767410e-003
1.770793e-003
1.768830e-003
1.784848e-003
1.775093e-003
1.786428e-003
1.782053e-003
1.789726e-003
1.778838e-003
1.799258e-003
1.799560e-003
1.803740e-003
1.804482e-003
1.800732e-003
1.808479e-003
1.812135e-003
1.816370e-003
1.807317e-003
1.801995e-003
EOR
EOF
